#C:\Program Files\JetBrains\PyCharm Community Edition 2019.1.1\helpers\pydev\pydevconsole.py --mode=client --port=57355
# GMT Sat Apr 18 16:07:42 2020
# 
0 6 8 11 14 15 18 19
1 5 6 7 9 11 13 14 15 16 17 18
2 4 8 11 16 17 19
3 7 10 19
4 0 3 6 8 9 10 15 16
5 0 1 4 12 14 15 18 19
6 3 8 11 12 15 16 17 18 19
7 2 4 5 6 13 15 16
8 0 9 10 11 12 14
9 5 7 8 10 16 17
10 4 7 8 11 12 14 18
11 5 8 13 15 16 17
12 0 1 2 4 6 7 8 14
13 3 5 6 7 9 14 15 16
14 0 4 5 6 9 12 13 18
15 1 3 4 5 7 16 17
16 1 13 15 19
17 2 3 5 6 12 14 15
18 0 3 6 9 10 11 13 15 19
19 0 2 3 4 5 8 13 14 17
